%YAML:1.0
camera:
   K: !!opencv-matrix
      rows: 3
      cols: 3
      dt: d
      data: [ 536.5441342081624, 0., 324.1496087846382, 0., 537.4503849142674,
          224.4852472770318, 0., 0., 1. ]
   D: !!opencv-matrix
      rows: 5
      cols: 1
      dt: f
      data: [ 0., 0., 0., 0., 0. ]
   width: 640
   height: 480
   pose:
      rvec: !!opencv-matrix
         rows: 3
         cols: 1
         dt: d
         data: [ 0., 0., 0. ]
      tvec: !!opencv-matrix
         rows: 3
         cols: 1
         dt: d
         data: [ 0., 0., 0. ]
